reflectance	line
2002	0
2003	0
2006	0
2010	0
2015	0
2016	0
2017	0
2019	0
2021	0
2026	0
2029	0
2030	0
2031	0
2032	0
2034	0
2035	0
2036	0
2044	0
2045	0
2046	0
2047	0
2053	0
2055	0
2057	0
2058	0
2059	0
2060	0
2061	0
2064	0
2065	0
2066	0
2067	0
2071	0
2077	0
2079	0
2080	0
2081	0
2087	0
2095	0
2096	0
2098	0
2099	0
2102	0
2103	0
2105	0
2107	0
2111	0
2112	0
2113	0
2117	0
2121	0
2122	0
2125	0
2126	0
2127	0
2128	0
2130	0
2133	0
2146	0
2154	0
2155	0
2157	0
2158	0
2160	0
2161	0
2163	0
2170	0
2171	0
2176	0
2177	0
2178	0
2179	0
2181	0
2186	0
2188	0
2192	0
2193	0
2194	0
2195	0
2196	0
2197	0
2201	0
2202	0
2203	0
2205	0
2206	0
2207	0
2208	0
2211	0
2212	0
2213	0
2214	0
2215	0
2217	0
2218	0
2219	0
2220	0
2221	0
2222	0
2223	0
2224	0
2225	0
2226	0
2227	0
2228	0
2229	0
2230	0
2233	0
2237	0
2246	0
2250	0
2256	0
2263	0
2269	0
2270	0
2273	0
2274	0
2275	0
2286	0
2288	0
2298	0
2304	0
2306	0
2315	0
2319	0
2320	0
2321	0
2322	0
2323	0
2324	0
2325	0
2326	0
2330	0
2337	0
2338	0
2342	0
2343	0
2349	0
2352	0
2353	0
2366	0
2368	0
2369	0
2371	0
2374	0
2379	0
2380	0
2381	0
2383	0
1571	0
511	0
320	0
415	0
341	0
304	0
312	0
325	0
357	0
384	0
461	0
440	0
373	0
380	0
370	0
371	0
383	0
421	0
393	0
390	0
385	0
387	0
386	0
391	0
381	0
375	0
382	0
379	0
377	0
378	0
372	0
374	0
368	0
366	0
369	0
365	0
363	0
359	0
349	0
347	0
344	0
346	0
338	0
337	0
342	0
354	0
361	0
356	0
360	0
367	0
364	0
350	0
358	0
355	0
353	0
351	0
352	0
362	0
399	0
400	0
398	0
396	0
394	0
397	0
403	0
409	0
413	0
429	0
428	0
432	0
435	0
423	0
420	0
412	0
401	0
402	0
405	0
395	0
407	0
411	0
418	0
416	0
443	0
473	0
496	0
551	0
585	0
581	0
578	0
543	0
477	0
471	0
479	0
459	0
470	0
462	0
449	0
289	0
228	0
203	0
208	0
202	0
201	0
198	0
196	0
194	0
193	0
192	0
191	0
190	0
187	0
186	0
189	0
184	0
185	0
183	0
188	0
182	0
181	0
179	0
177	0
170	0
176	0
166	0
167	0
164	0
169	0
172	0
174	0
227	0
237	0
214	0
175	0
162	0
171	0
159	0
160	0
163	0
165	0
168	0
236	0
615	0
256	0
157	0
161	0
155	0
149	0
148	0
140	0
138	0
131	0
133	0
134	0
142	0
145	0
154	0
153	0
144	0
130	0
128	0
129	0
238	0
334	0
634	0
973	0
1153	0
1220	0
1217	0
1168	0
1136	0
1104	0
1095	0
1105	0
1015	0
959	0
859	0
699	0
672	0
721	0
832	0
1330	0
1623	0
1904	0
2384	0
2385	0
2387	0
2391	0
2395	0
2397	0
2398	0
2399	0
2403	0
2405	0
2406	0
2407	0
2409	0
2411	0
2417	0
2422	0
2427	0
2429	0
2431	0
2432	0
2435	0
2438	0
2439	0
2442	0
2443	0
2445	0
2446	0
2448	0
1814	0
1535	0
1363	0
1349	0
1421	0
1522	0
1595	0
1625	0
1628	0
1643	0
1638	0
1584	0
1488	0
1369	0
1281	0
1298	0
1429	0
1622	0
1645	0
1591	0
1487	0
1405	0
1392	0
1423	0
1447	0
1424	0
1303	0
1329	0
1403	0
1395	0
1376	0
1324	0
1278	0
1223	0
1169	0
1138	0
1057	0
944	0
809	0
703	0
677	0
674	0
652	0
653	0
675	0
704	0
741	0
731	0
687	0
720	0
752	0
793	0
835	0
827	0
788	0
786	0
819	0
847	0
816	0
770	0
747	0
757	0
769	0
773	0
784	0
796	0
822	0
830	0
790	0
691	0
621	0
631	0
605	0
562	0
573	0
594	0
624	0
626	0
670	0
654	0
705	0
889	0
857	0
662	0
794	0
1077	0
1485	0
1322	0
1173	0
1297	0
1477	0
1650	0
1983	0
2449	0
2451	0
2460	0
2462	0
2465	0
2467	0
2471	0
2475	0
2477	0
2478	0
2479	0
1738	0
1430	0
1456	0
1479	0
1455	0
1453	0
1440	0
1417	0
1452	0
1413	0
1381	0
1408	0
1422	0
1299	0
989	0
610	0
345	0
272	0
293	0
538	0
667	0
805	0
905	0
933	0
917	0
887	0
849	0
846	0
881	0
931	0
919	0
891	0
818	0
706	0
638	0
327	0
298	0
268	0
242	0
229	0
219	0
226	0
240	0
263	0
303	0
498	0
561	0
593	0
661	0
722	0
739	0
710	0
642	0
533	0
308	0
292	0
331	0
274	0
270	0
301	0
603	0
880	0
994	0
1111	0
1214	0
1280	0
1285	0
1232	0
1182	0
1157	0
1088	0
1052	0
1099	0
1203	0
1316	0
1401	0
1441	0
1445	0
1397	0
1312	0
1238	0
1206	0
1174	0
1081	0
947	0
853	0
774	0
678	0
499	0
310	0
224	0
222	0
215	0
233	0
235	0
258	0
259	0
267	0
297	0
583	0
541	0
531	0
525	0
495	0
465	0
417	0
324	0
336	0
548	0
550	0
437	0
524	0
537	0
476	0
451	0
427	0
340	0
333	0
323	0
313	0
309	0
306	0
302	0
321	0
326	0
330	0
410	0
419	0
414	0
422	0
433	0
448	0
445	0
453	0
441	0
455	0
454	0
464	0
467	0
482	0
492	0
486	0
527	0
530	0
546	0
557	0
576	0
602	0
645	0
688	0
715	0
719	0
765	0
787	0
817	0
815	0
838	0
828	0
837	0
845	0
879	0
901	0
929	0
951	0
960	0
965	0
970	0
978	0
1005	0
1033	0
1058	0
1070	0
1100	0
1118	0
1131	0
1120	0
1130	0
1126	0
1133	0
1143	0
1189	0
1187	0
1200	0
1194	0
1184	0
1175	0
1160	0
1141	0
1128	0
1150	0
1294	0
1355	0
1407	0
1469	0
1501	0
1510	0
1514	0
1520	0
1527	0
1524	0
1519	0
1523	0
1525	0
1533	0
1529	0
1553	0
1555	0
1569	0
1598	0
1633	0
1673	0
1714	0
1765	0
1810	0
1840	0
1856	0
1863	0
1864	0
1867	0
1869	0
1868	0
1866	0
1865	0
1871	0
1872	0
1870	0
1874	0
1877	0
1895	0
1887	0
1894	0
1899	0
1915	0
1922	0
1932	0
1935	0
1920	0
1901	0
1889	0
1879	0
1854	0
1860	0
1862	0
1861	0
1857	0
1853	0
1875	0
1888	0
1885	0
1882	0
1878	0
1881	0
1876	0
1897	0
1898	0
1891	0
1893	0
1902	0
1903	0
1890	0
1859	0
1851	0
1873	0
1850	0
1858	0
1852	0
1917	0
1949	0
1995	0
2480	0
2483	0
2485	0
2486	0
2487	0
2493	0
2494	0
2495	0
2496	0
2497	0
2499	0
2501	0
2503	0
2504	0
2505	0
2507	0
2508	0
2509	0
2511	0
2512	0
2517	0
2521	0
2523	0
2525	0
2526	0
2529	0
2531	0
2537	0
2539	0
2544	0
2546	0
2551	0
2552	0
2553	0
2555	0
2556	0
2557	0
2559	0
2579	0
2582	0
2585	0
2586	0
2587	0
2590	0
2591	0
2592	0
2593	0
2595	0
2596	0
2602	0
2605	0
2608	0
2609	0
2610	0
2619	0
2622	0
2624	0
2625	0
2626	0
2629	0
2631	0
2632	0
2633	0
2634	0
2637	0
2640	0
2646	0
2647	0
2651	0
2652	0
2659	0
2660	0
2661	0
2662	0
2665	0
2668	0
2669	0
2672	0
2673	0
2675	0
2678	0
2679	0
2683	0
2685	0
2686	0
2687	0
2688	0
2690	0
2691	0
2699	0
2701	0
2702	0
2704	0
2705	0
2706	0
2707	0
2710	0
2711	0
2719	0
2725	0
2726	0
2727	0
2730	0
2732	0
2736	0
2738	0
2741	0
2750	0
2754	0
2757	0
2758	0
2759	0
2763	0
2766	0
2767	0
2768	0
2769	0
2771	0
2772	0
2773	0
2775	0
2776	0
2778	0
2000	1
1965	0
1781	0
1669	0
1517	0
1435	0
1393	0
1379	0
1362	0
1342	0
1305	0
1266	0
1229	0
1127	0
1094	0
1069	0
1023	0
1008	0
993	0
976	0
941	0
903	0
890	0
869	0
866	0
873	0
848	0
836	0
833	0
831	0
823	0
813	0
800	0
789	0
782	0
775	0
763	0
732	0
734	0
748	0
755	0
767	0
759	0
758	0
753	0
744	0
727	0
718	0
709	0
695	0
690	0
679	0
671	0
665	0
660	0
656	0
647	0
650	0
646	0
643	0
637	0
639	0
640	0
641	0
635	0
629	0
627	0
592	0
559	0
510	0
494	0
487	0
481	0
457	0
444	0
447	0
404	0
424	0
450	0
469	0
480	0
483	0
475	0
497	0
502	0
523	0
535	0
566	0
540	0
547	0
567	0
571	0
577	0
582	0
590	0
598	0
609	0
620	0
617	0
625	0
630	0
628	0
633	0
644	0
648	0
649	0
651	0
655	0
657	0
658	0
659	0
673	0
663	0
664	0
668	0
669	0
586	0
580	0
588	0
589	0
596	0
601	0
607	0
612	0
614	0
611	0
613	0
616	0
619	0
692	0
729	0
725	0
726	0
738	0
749	0
737	0
717	0
682	0
689	0
680	0
574	0
595	0
389	0
991	0
1040	0
962	0
478	0
343	0
318	0
319	0
299	0
295	0
291	0
290	0
294	0
279	0
316	0
392	0
591	0
587	0
491	0
463	0
507	0
666	0
579	0
484	0
458	0
406	0
426	0
439	0
348	0
335	0
332	0
474	0
745	0
746	0
778	0
804	0
937	0
1001	0
1201	0
1328	0
1360	0
1426	0
1589	0
1707	0
1776	0
1847	0
1921	0
1936	0
1968	0
2779	0
2783	0
2784	0
2785	0
2786	0
2787	0
2789	0
2790	0
2795	0
2800	0
2801	0
2804	0
2811	0
2813	0
2815	0
2816	0
2821	0
2822	0
2823	0
2825	0
2826	0
2827	0
2830	0
2832	0
2834	0
2835	0
2836	0
2837	0
2838	0
2843	0
2847	0
2851	0
2853	0
2860	0
2861	0
2862	0
2864	0
2866	0
2867	0
2871	0
2874	0
2876	0
2879	0
2881	0
2883	0
2887	0
2896	0
2897	0
2901	0
2902	0
2906	0
2909	0
2911	0
2912	0
2913	0
2914	0
2915	0
2917	0
2918	0
2919	0
2923	0
2926	0
2927	0
2928	0
2930	0
2931	0
2934	0
2935	0
2938	0
2939	0
2941	0
2944	0
2945	0
2948	0
2949	0
2955	0
2957	0
2958	0
2960	0
2965	0
2974	0
2975	0
2977	0
2978	0
2986	0
2987	0
2990	0
2991	0
2995	0
2997	0
2998	0
3001	1
3003	1
3008	1
3009	1
3021	1
3023	1
3024	1
3025	1
3026	1
3027	1
3031	1
3033	1
3034	1
3037	1
3038	1
3041	1
3043	1
3045	1
3047	1
1958	0
1950	0
1947	0
1957	0
1971	0
1978	0
1972	0
1927	0
1806	0
1711	0
1561	0
1434	0
1419	0
1300	0
1216	0
1148	0
1122	0
1072	0
1056	0
1129	0
1185	0
1097	0
1011	0
999	0
987	0
1000	0
1013	0
1010	0
1092	0
1068	0
1039	0
1012	0
1004	0
979	0
977	0
980	0
961	0
950	0
998	0
1043	0
1053	0
1019	0
969	0
1054	0
1059	0
1038	0
1078	0
1089	0
1084	0
1082	0
1107	0
1110	0
1117	0
1109	0
1098	0
1101	0
1102	0
1103	0
1093	0
1091	0
1090	0
1087	0
1085	0
1114	0
1115	0
1137	0
1386	0
1221	0
1146	0
1135	0
1145	0
1205	0
1219	0
1195	0
1178	0
1106	0
1108	0
1113	0
1063	0
1041	0
1017	0
986	0
948	0
900	0
879	0
807	0
762	0
555	0
339	0
431	0
436	0
329	0
322	0
315	0
314	0
311	0
1252	0
1402	0
1664	0
1803	0
3049	1
3056	1
3058	1
3060	1
3066	1
3070	1
3071	1
3083	1
3085	1
3087	1
3088	1
3089	1
3090	1
3091	1
3093	1
3094	1
3095	1
3096	1
3097	1
3098	1
3099	1
3100	1
3101	1
3102	1
3103	1
3104	1
3105	1
3111	1
3113	1
3117	1
3120	1
3121	1
3122	1
3125	1
3126	1
3128	1
3129	1
3130	1
3135	1
3136	1
3138	1
3139	1
3142	1
3144	1
3147	1
3149	1
3151	1
3153	1
3154	1
3159	1
3165	1
3168	1
3170	1
3171	1
3173	1
3174	1
3177	1
3181	1
3183	1
3184	1
3187	1
3196	1
3203	1
3207	1
3211	1
3214	1
3216	1
3217	1
3218	1
3225	1
3231	1
3233	1
3234	1
3247	1
3251	1
3252	1
3257	1
3259	1
3261	1
3263	1
3265	1
3267	1
3274	1
3276	1
3282	1
3283	1
3297	1
3306	1
3307	1
3312	1
3313	1
3319	1
3328	1
3330	1
3331	1
3333	1
3337	1
3344	1
3345	1
3349	1
3357	1
3358	1
3364	1
3372	1
3374	1
3375	1
3377	1
3389	1
3394	1
3403	1
3405	1
3406	1
3407	1
3415	1
3419	1
1998	0
1999	0
1990	0
1991	0
1994	0
1989	0
1982	0
1993	0
3424	1
3427	1
1996	0
1984	0
1981	0
1987	0
1986	0
1969	0
1959	0
1941	0
1934	0
1928	0
1918	0
1913	0
1911	0
1907	0
1844	0
1838	0
1824	0
1818	0
1804	0
1783	0
1774	0
1746	0
1729	0
1699	0
1647	0
1652	0
1642	0
1617	0
1579	0
1557	0
1530	0
1506	0
1486	0
1476	0
1467	0
1449	0
1370	0
1325	0
1265	0
1031	0
963	0
955	0
940	0
935	0
912	0
883	0
714	0
740	0
842	0
863	0
797	0
565	0
430	0
608	0
534	0
506	0
288	0
287	0
285	0
284	0
283	0
286	0
307	0
328	0
468	0
528	0
597	0
623	0
599	0
388	0
376	0
317	0
442	0
452	0
446	0
1161	0
1119	0
1116	0
1123	0
1121	0
1124	0
1125	0
1134	0
1140	0
1142	0
1139	0
1170	0
1164	0
1180	0
1255	0
1631	0
1819	0
3440	1
3441	1
3442	1
3443	1
3449	1
3451	1
3453	1
3454	1
3456	1
3459	1
3460	1
3462	1
3465	1
3466	1
3469	1
3470	1
3474	1
3477	1
3481	1
3482	1
3486	1
3491	1
3498	1
3499	1
3501	1
3504	1
3507	1
3508	1
3511	1
1744	0
1753	0
1798	0
3522	1
3525	1
1940	0
1811	0
1718	0
1680	0
1651	0
1592	0
1474	0
1507	0
3529	1
3534	1
3536	1
3542	1
3545	1
1791	0
1565	0
281	0
273	0
261	0
260	0
305	0
500	0
509	0
501	0
708	0
821	0
803	0
1159	0
1242	0
1262	0
1270	0
1282	0
1318	0
1337	0
1276	0
723	0
735	0
756	0
850	0
884	0
943	0
1020	0
998	0
754	0
894	0
897	0
923	0
1051	0
1199	0
1365	0
3552	1
3553	1
1973	0
1829	0
1771	0
1668	0
1389	0
1065	0
1047	0
967	0
981	0
1018	0
913	0
910	0
878	0
852	0
829	0
802	0
814	0
858	0
921	0
1233	0
1377	0
1465	0
1558	0
1616	0
1648	0
1654	0
1675	0
1715	0
1490	0
1361	0
230	0
209	0
211	0
195	0
180	0
199	0
239	0
253	0
266	0
271	0
826	0
781	0
893	0
899	0
957	0
1007	0
1179	0
1226	0
1227	0
1209	0
1198	0
1211	0
1261	0
1296	0
1319	0
1323	0
1263	0
1245	0
1348	0
1414	0
1448	0
1357	0
1331	0
1321	0
1327	0
1315	0
1240	0
1279	0
1373	0
1483	0
1450	0
1518	0
1508	0
1470	0
1473	0
1509	0
1619	0
1649	0
1635	0
932	0
902	0
1687	0
3555	1
3557	1
3559	1
3563	1
3565	1
3568	1
3571	1
3577	1
3583	1
3600	1
3601	1
3603	1
1846	0
743	0
742	0
771	0
798	0
503	0
262	0
246	0
243	0
247	0
554	0
539	0
558	0
861	0
898	0
903	0
871	0
841	0
895	0
1277	0
1391	0
1475	0
1572	0
1759	0
1790	0
1837	0
1830	0
1821	0
1763	0
1761	0
1779	0
1799	0
1833	0
1886	0
1954	0
1946	0
1945	0
1967	0
1906	0
1825	0
1730	0
1641	0
1460	0
1400	0
1382	0
1374	0
1406	0
1481	0
1554	0
1573	0
1505	0
1511	0
1399	0
1191	0
563	0
276	0
466	0
529	0
505	0
549	0
560	0
542	0
766	0
764	0
810	0
1045	0
1079	0
1288	0
1666	0
3605	1
3609	1
3610	1
3614	1
3618	1
3619	1
3621	1
3622	1
3623	1
3625	1
3626	1
3627	1
3628	1
693	0
676	0
685	0
711	0
716	0
733	0
713	0
701	0
698	0
702	0
728	0
954	0
974	0
1002	0
882	0
915	0
1742	0
3629	1
3630	1
3632	1
3633	1
3634	1
3636	1
3639	1
3641	1
3642	1
3646	1
3648	1
3649	1
3651	1
3653	1
3655	1
3657	1
3658	1
3659	1
3661	1
3662	1
3663	1
3664	1
3665	1
3667	1
3670	1
3671	1
3673	1
3675	1
3676	1
3677	1
3678	1
3679	1
3680	1
3681	1
3682	1
3684	1
3685	1
3686	1
3687	1
3689	1
3691	1
3694	1
3696	1
3697	1
3699	1
3702	1
3706	1
3709	1
3710	1
660	0
449	0
363	0
371	0
381	0
399	0
395	0
394	0
378	0
364	0
362	0
361	0
384	0
431	0
508	0
589	0
665	0
730	0
807	0
805	0
843	0
855	0
870	0
934	0
939	0
925	0
928	0
914	0
911	0
909	0
896	0
877	0
868	0
930	0
916	0
906	0
886	0
885	0
875	0
876	0
864	0
874	0
908	0
922	0
892	0
891	0
918	0
966	0
1253	0
1310	0
1335	0
1347	0
1610	0
1724	0
3712	1
3715	1
3716	1
3718	1
3721	1
3722	1
3723	1
3724	1
3728	1
3729	1
3730	1
3733	1
3735	1
3739	1
3740	1
3742	1
3743	1
3744	1
3747	1
3748	1
3749	1
3750	1
3756	1
3757	1
3758	1
3760	1
3762	1
3763	1
3766	1
3770	1
3771	1
3772	1
3773	1
3778	1
3779	1
3781	1
3783	1
3786	1
3787	1
3788	1
3789	1
3791	1
3792	1
3793	1
3794	1
3795	1
3797	1
3798	1
3799	1
3801	1
3802	1
3803	1
3804	1
3805	1
3806	1
3807	1
3809	1
3810	1
3811	1
3813	1
3814	1
3819	1
3821	1
3822	1
3824	1
3825	1
3826	1
3827	1
3829	1
3830	1
3831	1
3834	1
3835	1
3837	1
3839	1
3840	1
3841	1
3843	1
3844	1
3845	1
3846	1
3847	1
3849	1
3850	1
3851	1
3855	1
3856	1
3858	1
3861	1
1772	0
1700	0
1632	0
1599	0
1454	0
1380	0
1367	0
1345	0
1171	0
1074	0
1152	0
1192	0
1207	0
1167	0
1166	0
1158	0
1067	0
812	0
851	0
865	0
801	0
750	0
779	0
785	0
799	0
768	0
776	0
751	0
1037	0
1566	0
3862	1
3866	1
3872	1
3874	1
3877	1
3880	1
3886	1
3887	1
3888	1
275	0
213	0
249	0
556	0
1383	0
1685	0
1974	0
3889	1
3891	1
3892	1
3895	1
3899	1
3902	1
3904	1
3905	1
3907	1
1975	0
1712	0
493	0
489	0
225	0
204	0
210	0
867	0
724	0
736	0
949	0
568	0
570	0
553	0
997	0
1275	0
1235	0
1703	0
3909	1
3914	1
3918	1
3919	1
3920	1
3921	1
3923	1
3924	1
3925	1
3926	1
3927	1
3930	1
3931	1
3935	1
3936	1
3937	1
3938	1
3939	1
3940	1
3941	1
3942	1
3943	1
3945	1
3946	1
3947	1
3949	1
3950	1
3951	1
3952	1
3953	1
3955	1
3956	1
3957	1
3958	1
3959	1
1504	0
1581	0
1679	0
3960	1
3962	1
3963	1
3964	1
3965	1
3966	1
3968	1
3969	1
3973	1
3974	1
3975	1
3978	1
3979	1
3980	1
3981	1
3983	1
3984	1
3985	1
3986	1
3988	1
3989	1
3990	1
3991	1
3993	1
3994	1
3995	1
3997	1
3998	1
3999	1
4000	1
4001	1
4002	1
4003	1
4006	1
4007	1
4010	1
4011	1
4012	1
4014	1
4015	1
4016	1
4017	1
4018	1
4019	1
4020	1
4021	1
4023	1
4024	1
4026	1
4027	1
4029	1
4030	1
4031	1
4032	1
4033	1
4034	1
4035	1
4036	1
1731	0
1621	0
1218	0
4037	1
4038	1
4039	1
4040	1
4041	1
4043	1
4044	1
282	0
278	0
280	0
277	0
300	0
296	0
927	0
1375	0
1459	0
1793	0
1923	0
4045	1
4046	1
4047	1
4048	1
4049	1
4050	1
4051	1
4052	1
4053	1
4054	1
4055	1
4058	1
4059	1
4060	1
4061	1
4062	1
4063	1
4064	1
4065	1
4066	1
4067	1
4068	1
4069	1
4070	1
4071	1
4073	1
4075	1
4076	1
4077	1
4078	1
4079	1
4080	1
4081	1
4082	1
4083	1
4084	1
4086	1
4087	1
4089	1
4090	1
4091	1
4093	1
4094	1
4095	1
1701	0
1502	0
1243	0
862	0
485	0
425	0
730	0
806	0
811	0
795	0